174.00 -26.00 0.00 0.00 0.00 0.00 0.00 0.00 0.00 0.00 0.00 0.00 0.00 0.00 0.00 0.00 0.00 0.00 0.00 0.00 0.00 0.00 0.00 0.00 0.00 0.00 0.00 0.00 0.00 0.00 0.00 0.00 0.00 0.00 0.00 0.00 0.00 0.00 0.00 0.00 
174.00 -26.00 11.00 110.00 0.00 130.00 0.00 0.00 0.00 0.00 0.00 0.00 0.00 0.00 0.00 0.00 0.00 0.00 0.00 0.00 0.00 0.00 0.00 0.00 0.00 0.00 0.00 0.00 0.00 0.00 0.00 0.00 0.00 0.00 0.00 0.00 0.00 0.00 0.00 0.00 
174.00 -26.00 -19.00 6.00 370.00 -36.00 0.00 0.00 0.00 0.00 0.00 0.00 0.00 0.00 0.00 0.00 0.00 0.00 0.00 0.00 0.00 0.00 0.00 0.00 0.00 0.00 0.00 0.00 0.00 0.00 0.00 0.00 0.00 0.00 0.00 0.00 0.00 0.00 0.00 0.00 
174.00 -26.00 -40.00 158.00 370.00 -36.00 64.00 -61.00 21.00 93.00 -642.00 33.00 0.00 0.00 0.00 0.00 0.00 0.00 0.00 0.00 0.00 0.00 0.00 0.00 0.00 0.00 0.00 0.00 0.00 0.00 0.00 0.00 0.00 0.00 0.00 0.00 0.00 0.00 0.00 0.00 
174.00 -26.00 -40.00 158.00 370.00 -36.00 64.00 -61.00 21.00 93.00 -642.00 33.00 0.00 0.00 130.00 -2.00 0.00 0.00 0.00 0.00 0.00 0.00 0.00 0.00 0.00 0.00 0.00 0.00 0.00 0.00 0.00 0.00 0.00 0.00 0.00 0.00 0.00 0.00 0.00 0.00 
174.00 -26.00 -40.00 158.00 370.00 -36.00 64.00 -61.00 21.00 93.00 -642.00 33.00 0.00 0.00 185.00 -6.00 0.00 0.00 0.00 0.00 0.00 0.00 0.00 0.00 0.00 0.00 0.00 0.00 0.00 0.00 0.00 0.00 0.00 0.00 0.00 0.00 0.00 0.00 0.00 0.00 
174.00 -26.00 -40.00 158.00 370.00 -36.00 64.00 -61.00 21.00 93.00 -642.00 33.00 0.00 0.00 244.00 -18.00 0.00 0.00 0.00 0.00 0.00 0.00 0.00 0.00 0.00 0.00 0.00 0.00 0.00 0.00 0.00 0.00 0.00 0.00 0.00 0.00 0.00 0.00 0.00 0.00 
174.00 -26.00 -40.00 158.00 370.00 -36.00 64.00 -61.00 21.00 93.00 -642.00 33.00 0.00 0.00 308.00 -24.00 0.00 0.00 0.00 0.00 0.00 0.00 0.00 0.00 0.00 0.00 0.00 0.00 0.00 0.00 0.00 0.00 0.00 0.00 0.00 0.00 0.00 0.00 0.00 0.00 
174.00 -26.00 -40.00 158.00 370.00 -36.00 64.00 -61.00 21.00 93.00 -642.00 33.00 0.00 0.00 363.00 -39.00 0.00 0.00 0.00 0.00 0.00 0.00 0.00 0.00 0.00 0.00 0.00 0.00 0.00 0.00 0.00 0.00 0.00 0.00 0.00 0.00 0.00 0.00 0.00 0.00 
235.00 -75.00 -40.00 158.00 370.00 -36.00 64.00 -61.00 21.00 93.00 -642.00 33.00 0.00 0.00 363.00 -39.00 0.00 0.00 0.00 0.00 0.00 0.00 0.00 0.00 0.00 0.00 0.00 0.00 0.00 0.00 0.00 0.00 0.00 0.00 0.00 0.00 0.00 0.00 0.00 0.00 
235.00 -75.00 -40.00 158.00 370.00 -36.00 64.00 -61.00 21.00 93.00 -642.00 33.00 0.00 0.00 363.00 -39.00 0.00 0.00 0.00 0.00 89.00 -167.00 0.00 0.00 0.00 0.00 0.00 0.00 0.00 0.00 0.00 0.00 0.00 0.00 0.00 0.00 0.00 0.00 0.00 0.00 
235.00 -75.00 -40.00 158.00 370.00 -36.00 64.00 -61.00 21.00 93.00 -642.00 33.00 0.00 0.00 363.00 -39.00 0.00 0.00 0.00 0.00 123.00 -214.00 0.00 0.00 0.00 0.00 0.00 0.00 0.00 0.00 0.00 0.00 0.00 0.00 0.00 0.00 0.00 0.00 0.00 0.00 
235.00 -75.00 -40.00 158.00 370.00 -36.00 64.00 -61.00 21.00 93.00 -642.00 33.00 0.00 0.00 363.00 -39.00 0.00 0.00 0.00 0.00 243.00 -494.00 0.00 0.00 0.00 0.00 0.00 0.00 0.00 0.00 0.00 0.00 0.00 0.00 0.00 0.00 0.00 0.00 0.00 0.00 
235.00 -75.00 -40.00 158.00 370.00 -36.00 64.00 -61.00 21.00 93.00 -642.00 33.00 0.00 0.00 363.00 -39.00 0.00 0.00 0.00 0.00 271.00 -619.00 0.00 0.00 0.00 0.00 0.00 0.00 0.00 0.00 0.00 0.00 0.00 0.00 0.00 0.00 0.00 0.00 0.00 0.00 
235.00 -75.00 -40.00 158.00 370.00 -36.00 64.00 -61.00 21.00 93.00 -642.00 33.00 0.00 0.00 363.00 -39.00 0.00 0.00 0.00 0.00 271.00 -619.00 51.00 -81.00 -23.00 92.00 0.00 0.00 0.00 0.00 0.00 0.00 0.00 0.00 0.00 0.00 0.00 0.00 0.00 0.00 
235.00 -75.00 -40.00 158.00 370.00 -36.00 64.00 -61.00 21.00 93.00 -642.00 33.00 0.00 0.00 363.00 -39.00 0.00 0.00 0.00 0.00 314.00 -795.00 51.00 -81.00 -23.00 92.00 0.00 0.00 0.00 0.00 0.00 0.00 0.00 0.00 0.00 0.00 0.00 0.00 0.00 0.00 
235.00 -75.00 -40.00 158.00 370.00 -36.00 64.00 -61.00 21.00 93.00 -642.00 33.00 0.00 0.00 363.00 -39.00 0.00 0.00 0.00 0.00 380.00 -934.00 51.00 -81.00 -23.00 92.00 0.00 0.00 0.00 0.00 0.00 0.00 0.00 0.00 0.00 0.00 0.00 0.00 0.00 0.00 
235.00 -75.00 -40.00 158.00 370.00 -36.00 64.00 -61.00 21.00 93.00 -642.00 33.00 0.00 0.00 363.00 -39.00 0.00 0.00 0.00 0.00 449.00 -1066.00 51.00 -81.00 -23.00 92.00 0.00 0.00 0.00 0.00 0.00 0.00 0.00 0.00 0.00 0.00 0.00 0.00 0.00 0.00 
235.00 -75.00 -40.00 158.00 370.00 -36.00 64.00 -61.00 21.00 93.00 -642.00 33.00 0.00 0.00 363.00 -39.00 0.00 0.00 0.00 0.00 528.00 -1236.00 51.00 -81.00 -23.00 92.00 0.00 0.00 0.00 0.00 0.00 0.00 0.00 0.00 0.00 0.00 0.00 0.00 0.00 0.00 
235.00 -75.00 -40.00 158.00 370.00 -36.00 64.00 -61.00 21.00 93.00 -642.00 33.00 0.00 0.00 363.00 -39.00 0.00 0.00 0.00 0.00 566.00 -1294.00 51.00 -81.00 -23.00 92.00 0.00 0.00 0.00 0.00 0.00 0.00 0.00 0.00 0.00 0.00 0.00 0.00 0.00 0.00 
235.00 -75.00 -40.00 158.00 370.00 -36.00 64.00 -61.00 21.00 93.00 -642.00 33.00 0.00 0.00 363.00 -39.00 0.00 0.00 0.00 0.00 643.00 -1438.00 51.00 -81.00 -23.00 92.00 0.00 0.00 0.00 0.00 0.00 0.00 0.00 0.00 0.00 0.00 0.00 0.00 0.00 0.00 
235.00 -75.00 -40.00 158.00 370.00 -36.00 64.00 -61.00 21.00 93.00 -642.00 33.00 0.00 0.00 363.00 -39.00 0.00 0.00 0.00 0.00 728.00 -1596.00 51.00 -81.00 -23.00 92.00 0.00 0.00 0.00 0.00 0.00 0.00 0.00 0.00 0.00 0.00 0.00 0.00 0.00 0.00 
235.00 -75.00 -40.00 158.00 370.00 -36.00 64.00 -61.00 21.00 93.00 -642.00 33.00 0.00 0.00 363.00 -39.00 0.00 0.00 0.00 0.00 814.00 -1732.00 51.00 -81.00 -23.00 92.00 0.00 0.00 0.00 0.00 0.00 0.00 0.00 0.00 0.00 0.00 0.00 0.00 0.00 0.00 
235.00 -75.00 -40.00 158.00 370.00 -36.00 64.00 -61.00 21.00 93.00 -642.00 33.00 0.00 0.00 363.00 -39.00 0.00 0.00 0.00 0.00 920.00 -1876.00 51.00 -81.00 -23.00 92.00 0.00 0.00 0.00 0.00 0.00 0.00 0.00 0.00 0.00 0.00 0.00 0.00 0.00 0.00 
235.00 -75.00 -40.00 158.00 370.00 -36.00 64.00 -61.00 21.00 93.00 -642.00 33.00 0.00 0.00 363.00 -39.00 0.00 0.00 0.00 0.00 1158.00 -1860.00 51.00 -81.00 -23.00 92.00 0.00 0.00 0.00 0.00 0.00 0.00 0.00 0.00 0.00 0.00 0.00 0.00 0.00 0.00 
162.00 -128.00 -79.00 -36.00 431.00 -23.00 64.00 -61.00 21.00 93.00 -642.00 33.00 0.00 0.00 363.00 -39.00 0.00 0.00 0.00 0.00 1158.00 -1860.00 51.00 -81.00 -23.00 92.00 0.00 0.00 0.00 0.00 0.00 0.00 0.00 0.00 0.00 0.00 0.00 0.00 0.00 0.00 
162.00 -128.00 -79.00 -36.00 431.00 -23.00 46.00 -34.00 -37.00 69.00 -715.00 27.00 0.00 0.00 363.00 -39.00 0.00 0.00 0.00 0.00 1158.00 -1860.00 51.00 -81.00 -23.00 92.00 0.00 0.00 0.00 0.00 0.00 0.00 0.00 0.00 0.00 0.00 0.00 0.00 0.00 0.00 
